000000000000 	 5 
000000000001 	 44 
000000000010 	 44 
000000000011 	 29 
000000000100 	 44 
000000000101 	 8 
000000000110 	 29 
000000000111 	 25 
000000001000 	 44 
000000001001 	 29 
000000001010 	 29 
000000001011 	 6 
000000001100 	 29 
000000001101 	 25 
000000001110 	 6 
000000001111 	 57 
000000010000 	 44 
000000010001 	 8 
000000010010 	 8 
000000010011 	 18 
000000010100 	 29 
000000010101 	 18 
000000010110 	 25 
000000010111 	 34 
000000011000 	 29 
000000011001 	 25 
000000011010 	 25 
000000011011 	 59 
000000011100 	 6 
000000011101 	 59 
000000011110 	 57 
000000011111 	 16 
000000100000 	 44 
000000100001 	 29 
000000100010 	 8 
000000100011 	 25 
000000100100 	 8 
000000100101 	 18 
000000100110 	 18 
000000100111 	 34 
000000101000 	 29 
000000101001 	 6 
000000101010 	 25 
000000101011 	 57 
000000101100 	 25 
000000101101 	 59 
000000101110 	 59 
000000101111 	 16 
000000110000 	 29 
000000110001 	 25 
000000110010 	 18 
000000110011 	 34 
000000110100 	 25 
000000110101 	 34 
000000110110 	 34 
000000110111 	 31 
000000111000 	 6 
000000111001 	 57 
000000111010 	 59 
000000111011 	 16 
000000111100 	 57 
000000111101 	 16 
000000111110 	 16 
000000111111 	 11 
000001000000 	 44 
000001000001 	 8 
000001000010 	 29 
000001000011 	 25 
000001000100 	 29 
000001000101 	 18 
000001000110 	 6 
000001000111 	 59 
000001001000 	 8 
000001001001 	 18 
000001001010 	 25 
000001001011 	 59 
000001001100 	 25 
000001001101 	 34 
000001001110 	 57 
000001001111 	 16 
000001010000 	 8 
000001010001 	 14 
000001010010 	 18 
000001010011 	 58 
000001010100 	 25 
000001010101 	 58 
000001010110 	 59 
000001010111 	 31 
000001011000 	 18 
000001011001 	 58 
000001011010 	 34 
000001011011 	 31 
000001011100 	 59 
000001011101 	 31 
000001011110 	 16 
000001011111 	 62 
000001100000 	 42 
000001100001 	 33 
000001100010 	 33 
000001100011 	 52 
000001100100 	 33 
000001100101 	 56 
000001100110 	 52 
000001100111 	 41 
000001101000 	 33 
000001101001 	 52 
000001101010 	 52 
000001101011 	 35 
000001101100 	 52 
000001101101 	 41 
000001101110 	 35 
000001101111 	 21 
000001110000 	 33 
000001110001 	 56 
000001110010 	 56 
000001110011 	 7 
000001110100 	 52 
000001110101 	 7 
000001110110 	 41 
000001110111 	 22 
000001111000 	 52 
000001111001 	 41 
000001111010 	 41 
000001111011 	 1 
000001111100 	 35 
000001111101 	 1 
000001111110 	 21 
000001111111 	 30 
000010000000 	 44 
000010000001 	 29 
000010000010 	 29 
000010000011 	 6 
000010000100 	 8 
000010000101 	 18 
000010000110 	 25 
000010000111 	 59 
000010001000 	 8 
000010001001 	 25 
000010001010 	 25 
000010001011 	 57 
000010001100 	 18 
000010001101 	 34 
000010001110 	 59 
000010001111 	 16 
000010010000 	 42 
000010010001 	 33 
000010010010 	 33 
000010010011 	 52 
000010010100 	 33 
000010010101 	 56 
000010010110 	 52 
000010010111 	 41 
000010011000 	 33 
000010011001 	 52 
000010011010 	 52 
000010011011 	 35 
000010011100 	 52 
000010011101 	 41 
000010011110 	 35 
000010011111 	 21 
000010100000 	 8 
000010100001 	 25 
000010100010 	 18 
000010100011 	 59 
000010100100 	 14 
000010100101 	 58 
000010100110 	 58 
000010100111 	 31 
000010101000 	 18 
000010101001 	 59 
000010101010 	 34 
000010101011 	 16 
000010101100 	 58 
000010101101 	 31 
000010101110 	 31 
000010101111 	 62 
000010110000 	 33 
000010110001 	 52 
000010110010 	 56 
000010110011 	 41 
000010110100 	 56 
000010110101 	 7 
000010110110 	 7 
000010110111 	 22 
000010111000 	 52 
000010111001 	 35 
000010111010 	 41 
000010111011 	 21 
000010111100 	 41 
000010111101 	 1 
000010111110 	 1 
000010111111 	 30 
000011000000 	 29 
000011000001 	 25 
000011000010 	 6 
000011000011 	 57 
000011000100 	 25 
000011000101 	 34 
000011000110 	 57 
000011000111 	 16 
000011001000 	 18 
000011001001 	 34 
000011001010 	 59 
000011001011 	 16 
000011001100 	 34 
000011001101 	 31 
000011001110 	 16 
000011001111 	 11 
000011010000 	 33 
000011010001 	 56 
000011010010 	 52 
000011010011 	 41 
000011010100 	 52 
000011010101 	 7 
000011010110 	 35 
000011010111 	 1 
000011011000 	 56 
000011011001 	 7 
000011011010 	 41 
000011011011 	 1 
000011011100 	 41 
000011011101 	 22 
000011011110 	 21 
000011011111 	 30 
000011100000 	 33 
000011100001 	 52 
000011100010 	 52 
000011100011 	 35 
000011100100 	 56 
000011100101 	 7 
000011100110 	 41 
000011100111 	 1 
000011101000 	 56 
000011101001 	 41 
000011101010 	 41 
000011101011 	 21 
000011101100 	 7 
000011101101 	 22 
000011101110 	 1 
000011101111 	 30 
000011110000 	 28 
000011110001 	 26 
000011110010 	 26 
000011110011 	 55 
000011110100 	 26 
000011110101 	 20 
000011110110 	 55 
000011110111 	 46 
000011111000 	 26 
000011111001 	 55 
000011111010 	 55 
000011111011 	 9 
000011111100 	 55 
000011111101 	 46 
000011111110 	 9 
000011111111 	 49 
000100000000 	 44 
000100000001 	 8 
000100000010 	 8 
000100000011 	 18 
000100000100 	 8 
000100000101 	 14 
000100000110 	 18 
000100000111 	 58 
000100001000 	 42 
000100001001 	 33 
000100001010 	 33 
000100001011 	 52 
000100001100 	 33 
000100001101 	 56 
000100001110 	 52 
000100001111 	 41 
000100010000 	 8 
000100010001 	 14 
000100010010 	 14 
000100010011 	 24 
000100010100 	 18 
000100010101 	 24 
000100010110 	 58 
000100010111 	 61 
000100011000 	 33 
000100011001 	 56 
000100011010 	 56 
000100011011 	 7 
000100011100 	 52 
000100011101 	 7 
000100011110 	 41 
000100011111 	 22 
000100100000 	 8 
000100100001 	 18 
000100100010 	 14 
000100100011 	 58 
000100100100 	 14 
000100100101 	 24 
000100100110 	 24 
000100100111 	 61 
000100101000 	 33 
000100101001 	 52 
000100101010 	 56 
000100101011 	 41 
000100101100 	 56 
000100101101 	 7 
000100101110 	 7 
000100101111 	 22 
000100110000 	 18 
000100110001 	 58 
000100110010 	 24 
000100110011 	 61 
000100110100 	 58 
000100110101 	 61 
000100110110 	 61 
000100110111 	 2 
000100111000 	 52 
000100111001 	 41 
000100111010 	 7 
000100111011 	 22 
000100111100 	 41 
000100111101 	 22 
000100111110 	 22 
000100111111 	 47 
000101000000 	 29 
000101000001 	 18 
000101000010 	 25 
000101000011 	 34 
000101000100 	 25 
000101000101 	 58 
000101000110 	 59 
000101000111 	 31 
000101001000 	 33 
000101001001 	 56 
000101001010 	 52 
000101001011 	 41 
000101001100 	 52 
000101001101 	 7 
000101001110 	 35 
000101001111 	 1 
000101010000 	 18 
000101010001 	 24 
000101010010 	 58 
000101010011 	 61 
000101010100 	 34 
000101010101 	 61 
000101010110 	 31 
000101010111 	 10 
000101011000 	 56 
000101011001 	 27 
000101011010 	 7 
000101011011 	 60 
000101011100 	 41 
000101011101 	 60 
000101011110 	 1 
000101011111 	 47 
000101100000 	 33 
000101100001 	 56 
000101100010 	 56 
000101100011 	 7 
000101100100 	 56 
000101100101 	 27 
000101100110 	 7 
000101100111 	 60 
000101101000 	 28 
000101101001 	 26 
000101101010 	 26 
000101101011 	 55 
000101101100 	 26 
000101101101 	 20 
000101101110 	 55 
000101101111 	 46 
000101110000 	 56 
000101110001 	 27 
000101110010 	 27 
000101110011 	 45 
000101110100 	 7 
000101110101 	 45 
000101110110 	 60 
000101110111 	 17 
000101111000 	 26 
000101111001 	 20 
000101111010 	 20 
000101111011 	 53 
000101111100 	 55 
000101111101 	 53 
000101111110 	 46 
000101111111 	 13 
000110000000 	 29 
000110000001 	 25 
000110000010 	 25 
000110000011 	 59 
000110000100 	 18 
000110000101 	 58 
000110000110 	 34 
000110000111 	 31 
000110001000 	 33 
000110001001 	 52 
000110001010 	 52 
000110001011 	 35 
000110001100 	 56 
000110001101 	 7 
000110001110 	 41 
000110001111 	 1 
000110010000 	 33 
000110010001 	 56 
000110010010 	 56 
000110010011 	 7 
000110010100 	 56 
000110010101 	 27 
000110010110 	 7 
000110010111 	 60 
000110011000 	 28 
000110011001 	 26 
000110011010 	 26 
000110011011 	 55 
000110011100 	 26 
000110011101 	 20 
000110011110 	 55 
000110011111 	 46 
000110100000 	 18 
000110100001 	 34 
000110100010 	 58 
000110100011 	 31 
000110100100 	 24 
000110100101 	 61 
000110100110 	 61 
000110100111 	 10 
000110101000 	 56 
000110101001 	 41 
000110101010 	 7 
000110101011 	 1 
000110101100 	 27 
000110101101 	 60 
000110101110 	 60 
000110101111 	 47 
000110110000 	 56 
000110110001 	 7 
000110110010 	 27 
000110110011 	 60 
000110110100 	 27 
000110110101 	 45 
000110110110 	 45 
000110110111 	 17 
000110111000 	 26 
000110111001 	 55 
000110111010 	 20 
000110111011 	 46 
000110111100 	 20 
000110111101 	 53 
000110111110 	 53 
000110111111 	 13 
000111000000 	 6 
000111000001 	 59 
000111000010 	 57 
000111000011 	 16 
000111000100 	 59 
000111000101 	 31 
000111000110 	 16 
000111000111 	 62 
000111001000 	 52 
000111001001 	 41 
000111001010 	 35 
000111001011 	 21 
000111001100 	 41 
000111001101 	 22 
000111001110 	 21 
000111001111 	 30 
000111010000 	 52 
000111010001 	 7 
000111010010 	 41 
000111010011 	 22 
000111010100 	 41 
000111010101 	 60 
000111010110 	 1 
000111010111 	 47 
000111011000 	 26 
000111011001 	 20 
000111011010 	 55 
000111011011 	 46 
000111011100 	 55 
000111011101 	 53 
000111011110 	 9 
000111011111 	 0 
000111100000 	 52 
000111100001 	 41 
000111100010 	 41 
000111100011 	 1 
000111100100 	 7 
000111100101 	 60 
000111100110 	 22 
000111100111 	 47 
000111101000 	 26 
000111101001 	 55 
000111101010 	 55 
000111101011 	 9 
000111101100 	 20 
000111101101 	 53 
000111101110 	 46 
000111101111 	 0 
000111110000 	 26 
000111110001 	 20 
000111110010 	 20 
000111110011 	 53 
000111110100 	 20 
000111110101 	 54 
000111110110 	 53 
000111110111 	 38 
000111111000 	 36 
000111111001 	 3 
000111111010 	 3 
000111111011 	 12 
000111111100 	 3 
000111111101 	 48 
000111111110 	 12 
000111111111 	 37 
001000000000 	 44 
001000000001 	 29 
001000000010 	 8 
001000000011 	 25 
001000000100 	 42 
001000000101 	 33 
001000000110 	 33 
001000000111 	 52 
001000001000 	 8 
001000001001 	 25 
001000001010 	 18 
001000001011 	 59 
001000001100 	 33 
001000001101 	 52 
001000001110 	 52 
001000001111 	 35 
001000010000 	 8 
001000010001 	 18 
001000010010 	 14 
001000010011 	 58 
001000010100 	 33 
001000010101 	 56 
001000010110 	 56 
001000010111 	 7 
001000011000 	 18 
001000011001 	 34 
001000011010 	 58 
001000011011 	 31 
001000011100 	 52 
001000011101 	 41 
001000011110 	 41 
001000011111 	 1 
001000100000 	 29 
001000100001 	 6 
001000100010 	 18 
001000100011 	 59 
001000100100 	 33 
001000100101 	 52 
001000100110 	 56 
001000100111 	 41 
001000101000 	 25 
001000101001 	 57 
001000101010 	 34 
001000101011 	 16 
001000101100 	 52 
001000101101 	 35 
001000101110 	 41 
001000101111 	 21 
001000110000 	 25 
001000110001 	 59 
001000110010 	 58 
001000110011 	 31 
001000110100 	 52 
001000110101 	 41 
001000110110 	 7 
001000110111 	 22 
001000111000 	 59 
001000111001 	 16 
001000111010 	 31 
001000111011 	 62 
001000111100 	 35 
001000111101 	 21 
001000111110 	 1 
001000111111 	 30 
001001000000 	 8 
001001000001 	 18 
001001000010 	 18 
001001000011 	 34 
001001000100 	 33 
001001000101 	 56 
001001000110 	 52 
001001000111 	 41 
001001001000 	 14 
001001001001 	 58 
001001001010 	 58 
001001001011 	 31 
001001001100 	 56 
001001001101 	 7 
001001001110 	 41 
001001001111 	 1 
001001010000 	 14 
001001010001 	 24 
001001010010 	 24 
001001010011 	 61 
001001010100 	 56 
001001010101 	 27 
001001010110 	 7 
001001010111 	 60 
001001011000 	 24 
001001011001 	 61 
001001011010 	 61 
001001011011 	 10 
001001011100 	 7 
001001011101 	 60 
001001011110 	 22 
001001011111 	 47 
001001100000 	 33 
001001100001 	 52 
001001100010 	 56 
001001100011 	 41 
001001100100 	 28 
001001100101 	 26 
001001100110 	 26 
001001100111 	 55 
001001101000 	 56 
001001101001 	 41 
001001101010 	 7 
001001101011 	 1 
001001101100 	 26 
001001101101 	 55 
001001101110 	 55 
001001101111 	 9 
001001110000 	 56 
001001110001 	 7 
001001110010 	 27 
001001110011 	 60 
001001110100 	 26 
001001110101 	 20 
001001110110 	 20 
001001110111 	 53 
001001111000 	 7 
001001111001 	 22 
001001111010 	 60 
001001111011 	 47 
001001111100 	 55 
001001111101 	 46 
001001111110 	 46 
001001111111 	 0 
001010000000 	 29 
001010000001 	 6 
001010000010 	 25 
001010000011 	 57 
001010000100 	 33 
001010000101 	 52 
001010000110 	 52 
001010000111 	 35 
001010001000 	 18 
001010001001 	 59 
001010001010 	 34 
001010001011 	 16 
001010001100 	 56 
001010001101 	 41 
001010001110 	 41 
001010001111 	 21 
001010010000 	 33 
001010010001 	 52 
001010010010 	 56 
001010010011 	 41 
001010010100 	 28 
001010010101 	 26 
001010010110 	 26 
001010010111 	 55 
001010011000 	 56 
001010011001 	 41 
001010011010 	 7 
001010011011 	 1 
001010011100 	 26 
001010011101 	 55 
001010011110 	 55 
001010011111 	 9 
001010100000 	 25 
001010100001 	 57 
001010100010 	 34 
001010100011 	 16 
001010100100 	 56 
001010100101 	 41 
001010100110 	 7 
001010100111 	 1 
001010101000 	 34 
001010101001 	 16 
001010101010 	 31 
001010101011 	 11 
001010101100 	 7 
001010101101 	 1 
001010101110 	 22 
001010101111 	 30 
001010110000 	 52 
001010110001 	 35 
001010110010 	 7 
001010110011 	 1 
001010110100 	 26 
001010110101 	 55 
001010110110 	 20 
001010110111 	 46 
001010111000 	 41 
001010111001 	 21 
001010111010 	 22 
001010111011 	 30 
001010111100 	 55 
001010111101 	 9 
001010111110 	 46 
001010111111 	 49 
001011000000 	 25 
001011000001 	 59 
001011000010 	 59 
001011000011 	 16 
001011000100 	 52 
001011000101 	 41 
001011000110 	 35 
001011000111 	 21 
001011001000 	 58 
001011001001 	 31 
001011001010 	 31 
001011001011 	 62 
001011001100 	 7 
001011001101 	 22 
001011001110 	 1 
001011001111 	 30 
001011010000 	 56 
001011010001 	 7 
001011010010 	 7 
001011010011 	 22 
001011010100 	 26 
001011010101 	 20 
001011010110 	 55 
001011010111 	 46 
001011011000 	 27 
001011011001 	 60 
001011011010 	 60 
001011011011 	 47 
001011011100 	 20 
001011011101 	 53 
001011011110 	 46 
001011011111 	 0 
001011100000 	 52 
001011100001 	 35 
001011100010 	 41 
001011100011 	 21 
001011100100 	 26 
001011100101 	 55 
001011100110 	 55 
001011100111 	 9 
001011101000 	 7 
001011101001 	 1 
001011101010 	 22 
001011101011 	 30 
001011101100 	 20 
001011101101 	 46 
001011101110 	 46 
001011101111 	 49 
001011110000 	 26 
001011110001 	 55 
001011110010 	 20 
001011110011 	 46 
001011110100 	 36 
001011110101 	 3 
001011110110 	 3 
001011110111 	 12 
001011111000 	 20 
001011111001 	 46 
001011111010 	 53 
001011111011 	 0 
001011111100 	 3 
001011111101 	 12 
001011111110 	 12 
001011111111 	 50 
001100000000 	 29 
001100000001 	 25 
001100000010 	 18 
001100000011 	 34 
001100000100 	 33 
001100000101 	 56 
001100000110 	 56 
001100000111 	 7 
001100001000 	 33 
001100001001 	 52 
001100001010 	 56 
001100001011 	 41 
001100001100 	 28 
001100001101 	 26 
001100001110 	 26 
001100001111 	 55 
001100010000 	 18 
001100010001 	 58 
001100010010 	 24 
001100010011 	 61 
001100010100 	 56 
001100010101 	 27 
001100010110 	 27 
001100010111 	 45 
001100011000 	 56 
001100011001 	 7 
001100011010 	 27 
001100011011 	 60 
001100011100 	 26 
001100011101 	 20 
001100011110 	 20 
001100011111 	 53 
001100100000 	 25 
001100100001 	 59 
001100100010 	 58 
001100100011 	 31 
001100100100 	 56 
001100100101 	 7 
001100100110 	 27 
001100100111 	 60 
001100101000 	 52 
001100101001 	 35 
001100101010 	 7 
001100101011 	 1 
001100101100 	 26 
001100101101 	 55 
001100101110 	 20 
001100101111 	 46 
001100110000 	 34 
001100110001 	 31 
001100110010 	 61 
001100110011 	 10 
001100110100 	 7 
001100110101 	 60 
001100110110 	 45 
001100110111 	 17 
001100111000 	 41 
001100111001 	 1 
001100111010 	 60 
001100111011 	 47 
001100111100 	 55 
001100111101 	 46 
001100111110 	 53 
001100111111 	 13 
001101000000 	 25 
001101000001 	 34 
001101000010 	 34 
001101000011 	 31 
001101000100 	 52 
001101000101 	 7 
001101000110 	 41 
001101000111 	 22 
001101001000 	 56 
001101001001 	 7 
001101001010 	 7 
001101001011 	 22 
001101001100 	 26 
001101001101 	 20 
001101001110 	 55 
001101001111 	 46 
001101010000 	 58 
001101010001 	 61 
001101010010 	 61 
001101010011 	 2 
001101010100 	 7 
001101010101 	 45 
001101010110 	 60 
001101010111 	 17 
001101011000 	 27 
001101011001 	 45 
001101011010 	 45 
001101011011 	 17 
001101011100 	 20 
001101011101 	 54 
001101011110 	 53 
001101011111 	 38 
001101100000 	 52 
001101100001 	 41 
001101100010 	 7 
001101100011 	 22 
001101100100 	 26 
001101100101 	 20 
001101100110 	 20 
001101100111 	 53 
001101101000 	 26 
001101101001 	 55 
001101101010 	 20 
001101101011 	 46 
001101101100 	 36 
001101101101 	 3 
001101101110 	 3 
001101101111 	 12 
001101110000 	 7 
001101110001 	 60 
001101110010 	 45 
001101110011 	 17 
001101110100 	 20 
001101110101 	 54 
001101110110 	 54 
001101110111 	 23 
001101111000 	 20 
001101111001 	 53 
001101111010 	 54 
001101111011 	 38 
001101111100 	 3 
001101111101 	 48 
001101111110 	 48 
001101111111 	 4 
001110000000 	 6 
001110000001 	 57 
001110000010 	 59 
001110000011 	 16 
001110000100 	 52 
001110000101 	 41 
001110000110 	 41 
001110000111 	 1 
001110001000 	 52 
001110001001 	 35 
001110001010 	 41 
001110001011 	 21 
001110001100 	 26 
001110001101 	 55 
001110001110 	 55 
001110001111 	 9 
001110010000 	 52 
001110010001 	 41 
001110010010 	 7 
001110010011 	 22 
001110010100 	 26 
001110010101 	 20 
001110010110 	 20 
001110010111 	 53 
001110011000 	 26 
001110011001 	 55 
001110011010 	 20 
001110011011 	 46 
001110011100 	 36 
001110011101 	 3 
001110011110 	 3 
001110011111 	 12 
001110100000 	 59 
001110100001 	 16 
001110100010 	 31 
001110100011 	 62 
001110100100 	 7 
001110100101 	 22 
001110100110 	 60 
001110100111 	 47 
001110101000 	 41 
001110101001 	 21 
001110101010 	 22 
001110101011 	 30 
001110101100 	 20 
001110101101 	 46 
001110101110 	 53 
001110101111 	 0 
001110110000 	 41 
001110110001 	 1 
001110110010 	 60 
001110110011 	 47 
001110110100 	 20 
001110110101 	 53 
001110110110 	 54 
001110110111 	 38 
001110111000 	 55 
001110111001 	 9 
001110111010 	 53 
001110111011 	 0 
001110111100 	 3 
001110111101 	 12 
001110111110 	 48 
001110111111 	 37 
001111000000 	 57 
001111000001 	 16 
001111000010 	 16 
001111000011 	 11 
001111000100 	 35 
001111000101 	 1 
001111000110 	 21 
001111000111 	 30 
001111001000 	 41 
001111001001 	 1 
001111001010 	 1 
001111001011 	 30 
001111001100 	 55 
001111001101 	 46 
001111001110 	 9 
001111001111 	 49 
001111010000 	 41 
001111010001 	 22 
001111010010 	 22 
001111010011 	 47 
001111010100 	 55 
001111010101 	 53 
001111010110 	 46 
001111010111 	 13 
001111011000 	 20 
001111011001 	 53 
001111011010 	 53 
001111011011 	 13 
001111011100 	 3 
001111011101 	 48 
001111011110 	 12 
001111011111 	 37 
001111100000 	 35 
001111100001 	 21 
001111100010 	 1 
001111100011 	 30 
001111100100 	 55 
001111100101 	 46 
001111100110 	 46 
001111100111 	 0 
001111101000 	 55 
001111101001 	 9 
001111101010 	 46 
001111101011 	 49 
001111101100 	 3 
001111101101 	 12 
001111101110 	 12 
001111101111 	 50 
001111110000 	 55 
001111110001 	 46 
001111110010 	 53 
001111110011 	 13 
001111110100 	 3 
001111110101 	 48 
001111110110 	 48 
001111110111 	 4 
001111111000 	 3 
001111111001 	 12 
001111111010 	 48 
001111111011 	 37 
001111111100 	 19 
001111111101 	 51 
001111111110 	 51 
001111111111 	 63 
010000000000 	 44 
010000000001 	 8 
010000000010 	 42 
010000000011 	 33 
010000000100 	 8 
010000000101 	 14 
010000000110 	 33 
010000000111 	 56 
010000001000 	 8 
010000001001 	 18 
010000001010 	 33 
010000001011 	 52 
010000001100 	 18 
010000001101 	 58 
010000001110 	 52 
010000001111 	 41 
010000010000 	 29 
010000010001 	 18 
010000010010 	 33 
010000010011 	 56 
010000010100 	 25 
010000010101 	 58 
010000010110 	 52 
010000010111 	 7 
010000011000 	 25 
010000011001 	 34 
010000011010 	 52 
010000011011 	 41 
010000011100 	 59 
010000011101 	 31 
010000011110 	 35 
010000011111 	 1 
010000100000 	 29 
010000100001 	 25 
010000100010 	 33 
010000100011 	 52 
010000100100 	 18 
010000100101 	 58 
010000100110 	 56 
010000100111 	 7 
010000101000 	 25 
010000101001 	 59 
010000101010 	 52 
010000101011 	 35 
010000101100 	 34 
010000101101 	 31 
010000101110 	 41 
010000101111 	 1 
010000110000 	 6 
010000110001 	 59 
010000110010 	 52 
010000110011 	 41 
010000110100 	 59 
010000110101 	 31 
010000110110 	 41 
010000110111 	 22 
010000111000 	 57 
010000111001 	 16 
010000111010 	 35 
010000111011 	 21 
010000111100 	 16 
010000111101 	 62 
010000111110 	 21 
010000111111 	 30 
010001000000 	 8 
010001000001 	 14 
010001000010 	 33 
010001000011 	 56 
010001000100 	 18 
010001000101 	 24 
010001000110 	 52 
010001000111 	 7 
010001001000 	 14 
010001001001 	 24 
010001001010 	 56 
010001001011 	 7 
010001001100 	 58 
010001001101 	 61 
010001001110 	 41 
010001001111 	 22 
010001010000 	 18 
010001010001 	 24 
010001010010 	 56 
010001010011 	 27 
010001010100 	 34 
010001010101 	 61 
010001010110 	 41 
010001010111 	 60 
010001011000 	 58 
010001011001 	 61 
010001011010 	 7 
010001011011 	 60 
010001011100 	 31 
010001011101 	 10 
010001011110 	 1 
010001011111 	 47 
010001100000 	 33 
010001100001 	 56 
010001100010 	 28 
010001100011 	 26 
010001100100 	 56 
010001100101 	 27 
010001100110 	 26 
010001100111 	 20 
010001101000 	 56 
010001101001 	 7 
010001101010 	 26 
010001101011 	 55 
010001101100 	 7 
010001101101 	 60 
010001101110 	 55 
010001101111 	 46 
010001110000 	 52 
010001110001 	 7 
010001110010 	 26 
010001110011 	 20 
010001110100 	 41 
010001110101 	 60 
010001110110 	 55 
010001110111 	 53 
010001111000 	 41 
010001111001 	 22 
010001111010 	 55 
010001111011 	 46 
010001111100 	 1 
010001111101 	 47 
010001111110 	 9 
010001111111 	 0 
010010000000 	 8 
010010000001 	 18 
010010000010 	 33 
010010000011 	 52 
010010000100 	 14 
010010000101 	 24 
010010000110 	 56 
010010000111 	 7 
010010001000 	 14 
010010001001 	 58 
010010001010 	 56 
010010001011 	 41 
010010001100 	 24 
010010001101 	 61 
010010001110 	 7 
010010001111 	 22 
010010010000 	 33 
010010010001 	 56 
010010010010 	 28 
010010010011 	 26 
010010010100 	 56 
010010010101 	 27 
010010010110 	 26 
010010010111 	 20 
010010011000 	 56 
010010011001 	 7 
010010011010 	 26 
010010011011 	 55 
010010011100 	 7 
010010011101 	 60 
010010011110 	 55 
010010011111 	 46 
010010100000 	 18 
010010100001 	 34 
010010100010 	 56 
010010100011 	 41 
010010100100 	 24 
010010100101 	 61 
010010100110 	 27 
010010100111 	 60 
010010101000 	 58 
010010101001 	 31 
010010101010 	 7 
010010101011 	 1 
010010101100 	 61 
010010101101 	 10 
010010101110 	 60 
010010101111 	 47 
010010110000 	 52 
010010110001 	 41 
010010110010 	 26 
010010110011 	 55 
010010110100 	 7 
010010110101 	 60 
010010110110 	 20 
010010110111 	 53 
010010111000 	 41 
010010111001 	 1 
010010111010 	 55 
010010111011 	 9 
010010111100 	 22 
010010111101 	 47 
010010111110 	 46 
010010111111 	 0 
010011000000 	 18 
010011000001 	 58 
010011000010 	 52 
010011000011 	 41 
010011000100 	 58 
010011000101 	 61 
010011000110 	 41 
010011000111 	 22 
010011001000 	 24 
010011001001 	 61 
010011001010 	 7 
010011001011 	 22 
010011001100 	 61 
010011001101 	 2 
010011001110 	 22 
010011001111 	 47 
010011010000 	 56 
010011010001 	 27 
010011010010 	 26 
010011010011 	 20 
010011010100 	 7 
010011010101 	 45 
010011010110 	 55 
010011010111 	 53 
010011011000 	 27 
010011011001 	 45 
010011011010 	 20 
010011011011 	 53 
010011011100 	 60 
010011011101 	 17 
010011011110 	 46 
010011011111 	 13 
010011100000 	 56 
010011100001 	 7 
010011100010 	 26 
010011100011 	 55 
010011100100 	 27 
010011100101 	 45 
010011100110 	 20 
010011100111 	 53 
010011101000 	 27 
010011101001 	 60 
010011101010 	 20 
010011101011 	 46 
010011101100 	 45 
010011101101 	 17 
010011101110 	 53 
010011101111 	 13 
010011110000 	 26 
010011110001 	 20 
010011110010 	 36 
010011110011 	 3 
010011110100 	 20 
010011110101 	 54 
010011110110 	 3 
010011110111 	 48 
010011111000 	 20 
010011111001 	 53 
010011111010 	 3 
010011111011 	 12 
010011111100 	 53 
010011111101 	 38 
010011111110 	 12 
010011111111 	 37 
010100000000 	 29 
010100000001 	 18 
010100000010 	 33 
010100000011 	 56 
010100000100 	 18 
010100000101 	 24 
010100000110 	 56 
010100000111 	 27 
010100001000 	 33 
010100001001 	 56 
010100001010 	 28 
010100001011 	 26 
010100001100 	 56 
010100001101 	 27 
010100001110 	 26 
010100001111 	 20 
010100010000 	 25 
010100010001 	 58 
010100010010 	 56 
010100010011 	 27 
010100010100 	 34 
010100010101 	 61 
010100010110 	 7 
010100010111 	 45 
010100011000 	 52 
010100011001 	 7 
010100011010 	 26 
010100011011 	 20 
010100011100 	 41 
010100011101 	 60 
010100011110 	 55 
010100011111 	 53 
010100100000 	 25 
010100100001 	 34 
010100100010 	 56 
010100100011 	 7 
010100100100 	 58 
010100100101 	 61 
010100100110 	 27 
010100100111 	 45 
010100101000 	 52 
010100101001 	 41 
010100101010 	 26 
010100101011 	 55 
010100101100 	 7 
010100101101 	 60 
010100101110 	 20 
010100101111 	 53 
010100110000 	 59 
010100110001 	 31 
010100110010 	 7 
010100110011 	 60 
010100110100 	 31 
010100110101 	 10 
010100110110 	 60 
010100110111 	 17 
010100111000 	 35 
010100111001 	 1 
010100111010 	 55 
010100111011 	 46 
010100111100 	 1 
010100111101 	 47 
010100111110 	 46 
010100111111 	 13 
010101000000 	 25 
010101000001 	 58 
010101000010 	 52 
010101000011 	 7 
010101000100 	 34 
010101000101 	 61 
010101000110 	 41 
010101000111 	 60 
010101001000 	 56 
010101001001 	 27 
010101001010 	 26 
010101001011 	 20 
010101001100 	 7 
010101001101 	 45 
010101001110 	 55 
010101001111 	 53 
010101010000 	 34 
010101010001 	 61 
010101010010 	 7 
010101010011 	 45 
010101010100 	 31 
010101010101 	 2 
010101010110 	 22 
010101010111 	 17 
010101011000 	 7 
010101011001 	 45 
010101011010 	 20 
010101011011 	 54 
010101011100 	 22 
010101011101 	 17 
010101011110 	 46 
010101011111 	 38 
010101100000 	 52 
010101100001 	 7 
010101100010 	 26 
010101100011 	 20 
010101100100 	 7 
010101100101 	 45 
010101100110 	 20 
010101100111 	 54 
010101101000 	 26 
010101101001 	 20 
010101101010 	 36 
010101101011 	 3 
010101101100 	 20 
010101101101 	 54 
010101101110 	 3 
010101101111 	 48 
010101110000 	 41 
010101110001 	 60 
010101110010 	 20 
010101110011 	 54 
010101110100 	 22 
010101110101 	 17 
010101110110 	 53 
010101110111 	 23 
010101111000 	 55 
010101111001 	 53 
010101111010 	 3 
010101111011 	 48 
010101111100 	 46 
010101111101 	 38 
010101111110 	 12 
010101111111 	 4 
010110000000 	 25 
010110000001 	 34 
010110000010 	 52 
010110000011 	 41 
010110000100 	 58 
010110000101 	 61 
010110000110 	 7 
010110000111 	 60 
010110001000 	 56 
010110001001 	 7 
010110001010 	 26 
010110001011 	 55 
010110001100 	 27 
010110001101 	 45 
010110001110 	 20 
010110001111 	 53 
010110010000 	 52 
010110010001 	 7 
010110010010 	 26 
010110010011 	 20 
010110010100 	 7 
010110010101 	 45 
010110010110 	 20 
010110010111 	 54 
010110011000 	 26 
010110011001 	 20 
010110011010 	 36 
010110011011 	 3 
010110011100 	 20 
010110011101 	 54 
010110011110 	 3 
010110011111 	 48 
010110100000 	 34 
010110100001 	 31 
010110100010 	 7 
010110100011 	 22 
010110100100 	 61 
010110100101 	 2 
010110100110 	 45 
010110100111 	 17 
010110101000 	 7 
010110101001 	 22 
010110101010 	 20 
010110101011 	 46 
010110101100 	 45 
010110101101 	 17 
010110101110 	 54 
010110101111 	 38 
010110110000 	 41 
010110110001 	 22 
010110110010 	 20 
010110110011 	 53 
010110110100 	 60 
010110110101 	 17 
010110110110 	 54 
010110110111 	 23 
010110111000 	 55 
010110111001 	 46 
010110111010 	 3 
010110111011 	 12 
010110111100 	 53 
010110111101 	 38 
010110111110 	 48 
010110111111 	 4 
010111000000 	 59 
010111000001 	 31 
010111000010 	 35 
010111000011 	 1 
010111000100 	 31 
010111000101 	 10 
010111000110 	 1 
010111000111 	 47 
010111001000 	 7 
010111001001 	 60 
010111001010 	 55 
010111001011 	 46 
010111001100 	 60 
010111001101 	 17 
010111001110 	 46 
010111001111 	 13 
010111010000 	 41 
010111010001 	 60 
010111010010 	 55 
010111010011 	 53 
010111010100 	 22 
010111010101 	 17 
010111010110 	 46 
010111010111 	 38 
010111011000 	 20 
010111011001 	 54 
010111011010 	 3 
010111011011 	 48 
010111011100 	 53 
010111011101 	 23 
010111011110 	 12 
010111011111 	 4 
010111100000 	 41 
010111100001 	 22 
010111100010 	 55 
010111100011 	 46 
010111100100 	 60 
010111100101 	 17 
010111100110 	 53 
010111100111 	 38 
010111101000 	 20 
010111101001 	 53 
010111101010 	 3 
010111101011 	 12 
010111101100 	 54 
010111101101 	 23 
010111101110 	 48 
010111101111 	 4 
010111110000 	 55 
010111110001 	 53 
010111110010 	 3 
010111110011 	 48 
010111110100 	 53 
010111110101 	 23 
010111110110 	 48 
010111110111 	 32 
010111111000 	 3 
010111111001 	 48 
010111111010 	 19 
010111111011 	 51 
010111111100 	 48 
010111111101 	 32 
010111111110 	 51 
010111111111 	 43 
011000000000 	 29 
011000000001 	 25 
011000000010 	 33 
011000000011 	 52 
011000000100 	 33 
011000000101 	 56 
011000000110 	 28 
011000000111 	 26 
011000001000 	 18 
011000001001 	 34 
011000001010 	 56 
011000001011 	 41 
011000001100 	 56 
011000001101 	 7 
011000001110 	 26 
011000001111 	 55 
011000010000 	 25 
011000010001 	 34 
011000010010 	 56 
011000010011 	 7 
011000010100 	 52 
011000010101 	 7 
011000010110 	 26 
011000010111 	 20 
011000011000 	 34 
011000011001 	 31 
011000011010 	 7 
011000011011 	 22 
011000011100 	 41 
011000011101 	 22 
011000011110 	 55 
011000011111 	 46 
011000100000 	 6 
011000100001 	 57 
011000100010 	 52 
011000100011 	 35 
011000100100 	 52 
011000100101 	 41 
011000100110 	 26 
011000100111 	 55 
011000101000 	 59 
011000101001 	 16 
011000101010 	 41 
011000101011 	 21 
011000101100 	 41 
011000101101 	 1 
011000101110 	 55 
011000101111 	 9 
011000110000 	 57 
011000110001 	 16 
011000110010 	 41 
011000110011 	 1 
011000110100 	 35 
011000110101 	 1 
011000110110 	 55 
011000110111 	 46 
011000111000 	 16 
011000111001 	 11 
011000111010 	 1 
011000111011 	 30 
011000111100 	 21 
011000111101 	 30 
011000111110 	 9 
011000111111 	 49 
011001000000 	 18 
011001000001 	 58 
011001000010 	 56 
011001000011 	 7 
011001000100 	 56 
011001000101 	 27 
011001000110 	 26 
011001000111 	 20 
011001001000 	 24 
011001001001 	 61 
011001001010 	 27 
011001001011 	 60 
011001001100 	 27 
011001001101 	 45 
011001001110 	 20 
011001001111 	 53 
011001010000 	 58 
011001010001 	 61 
011001010010 	 27 
011001010011 	 45 
011001010100 	 7 
011001010101 	 45 
011001010110 	 20 
011001010111 	 54 
011001011000 	 61 
011001011001 	 2 
011001011010 	 45 
011001011011 	 17 
011001011100 	 60 
011001011101 	 17 
011001011110 	 53 
011001011111 	 38 
011001100000 	 52 
011001100001 	 41 
011001100010 	 26 
011001100011 	 55 
011001100100 	 26 
011001100101 	 20 
011001100110 	 36 
011001100111 	 3 
011001101000 	 7 
011001101001 	 22 
011001101010 	 20 
011001101011 	 46 
011001101100 	 20 
011001101101 	 53 
011001101110 	 3 
011001101111 	 12 
011001110000 	 41 
011001110001 	 22 
011001110010 	 20 
011001110011 	 53 
011001110100 	 55 
011001110101 	 53 
011001110110 	 3 
011001110111 	 48 
011001111000 	 22 
011001111001 	 47 
011001111010 	 53 
011001111011 	 13 
011001111100 	 46 
011001111101 	 13 
011001111110 	 12 
011001111111 	 37 
011010000000 	 25 
011010000001 	 59 
011010000010 	 52 
011010000011 	 35 
011010000100 	 56 
011010000101 	 7 
011010000110 	 26 
011010000111 	 55 
011010001000 	 58 
011010001001 	 31 
011010001010 	 7 
011010001011 	 1 
011010001100 	 27 
011010001101 	 60 
011010001110 	 20 
011010001111 	 46 
011010010000 	 52 
011010010001 	 41 
011010010010 	 26 
011010010011 	 55 
011010010100 	 26 
011010010101 	 20 
011010010110 	 36 
011010010111 	 3 
011010011000 	 7 
011010011001 	 22 
011010011010 	 20 
011010011011 	 46 
011010011100 	 20 
011010011101 	 53 
011010011110 	 3 
011010011111 	 12 
011010100000 	 59 
011010100001 	 16 
011010100010 	 41 
011010100011 	 21 
011010100100 	 7 
011010100101 	 22 
011010100110 	 20 
011010100111 	 46 
011010101000 	 31 
011010101001 	 62 
011010101010 	 22 
011010101011 	 30 
011010101100 	 60 
011010101101 	 47 
011010101110 	 53 
011010101111 	 0 
011010110000 	 35 
011010110001 	 21 
011010110010 	 55 
011010110011 	 9 
011010110100 	 55 
011010110101 	 46 
011010110110 	 3 
011010110111 	 12 
011010111000 	 1 
011010111001 	 30 
011010111010 	 46 
011010111011 	 49 
011010111100 	 46 
011010111101 	 0 
011010111110 	 12 
011010111111 	 50 
011011000000 	 34 
011011000001 	 31 
011011000010 	 41 
011011000011 	 1 
011011000100 	 7 
011011000101 	 60 
011011000110 	 55 
011011000111 	 46 
011011001000 	 61 
011011001001 	 10 
011011001010 	 60 
011011001011 	 47 
011011001100 	 45 
011011001101 	 17 
011011001110 	 53 
011011001111 	 13 
011011010000 	 7 
011011010001 	 60 
011011010010 	 20 
011011010011 	 53 
011011010100 	 20 
011011010101 	 54 
011011010110 	 3 
011011010111 	 48 
011011011000 	 45 
011011011001 	 17 
011011011010 	 54 
011011011011 	 38 
011011011100 	 54 
011011011101 	 23 
011011011110 	 48 
011011011111 	 4 
011011100000 	 41 
011011100001 	 1 
011011100010 	 55 
011011100011 	 9 
011011100100 	 20 
011011100101 	 53 
011011100110 	 3 
011011100111 	 12 
011011101000 	 60 
011011101001 	 47 
011011101010 	 53 
011011101011 	 0 
011011101100 	 54 
011011101101 	 38 
011011101110 	 48 
011011101111 	 37 
011011110000 	 55 
011011110001 	 46 
011011110010 	 3 
011011110011 	 12 
011011110100 	 3 
011011110101 	 48 
011011110110 	 19 
011011110111 	 51 
011011111000 	 53 
011011111001 	 13 
011011111010 	 48 
011011111011 	 37 
011011111100 	 48 
011011111101 	 4 
011011111110 	 51 
011011111111 	 63 
011100000000 	 6 
011100000001 	 59 
011100000010 	 52 
011100000011 	 41 
011100000100 	 52 
011100000101 	 7 
011100000110 	 26 
011100000111 	 20 
011100001000 	 52 
011100001001 	 41 
011100001010 	 26 
011100001011 	 55 
011100001100 	 26 
011100001101 	 20 
011100001110 	 36 
011100001111 	 3 
011100010000 	 59 
011100010001 	 31 
011100010010 	 7 
011100010011 	 60 
011100010100 	 41 
011100010101 	 60 
011100010110 	 20 
011100010111 	 54 
011100011000 	 41 
011100011001 	 22 
011100011010 	 20 
011100011011 	 53 
011100011100 	 55 
011100011101 	 53 
011100011110 	 3 
011100011111 	 48 
011100100000 	 57 
011100100001 	 16 
011100100010 	 41 
011100100011 	 1 
011100100100 	 41 
011100100101 	 22 
011100100110 	 20 
011100100111 	 53 
011100101000 	 35 
011100101001 	 21 
011100101010 	 55 
011100101011 	 9 
011100101100 	 55 
011100101101 	 46 
011100101110 	 3 
011100101111 	 12 
011100110000 	 16 
011100110001 	 62 
011100110010 	 22 
011100110011 	 47 
011100110100 	 1 
011100110101 	 47 
011100110110 	 53 
011100110111 	 38 
011100111000 	 21 
011100111001 	 30 
011100111010 	 46 
011100111011 	 0 
011100111100 	 9 
011100111101 	 0 
011100111110 	 12 
011100111111 	 37 
011101000000 	 59 
011101000001 	 31 
011101000010 	 41 
011101000011 	 22 
011101000100 	 41 
011101000101 	 60 
011101000110 	 55 
011101000111 	 53 
011101001000 	 7 
011101001001 	 60 
011101001010 	 20 
011101001011 	 53 
011101001100 	 20 
011101001101 	 54 
011101001110 	 3 
011101001111 	 48 
011101010000 	 31 
011101010001 	 10 
011101010010 	 60 
011101010011 	 17 
011101010100 	 22 
011101010101 	 17 
011101010110 	 53 
011101010111 	 23 
011101011000 	 60 
011101011001 	 17 
011101011010 	 54 
011101011011 	 23 
011101011100 	 53 
011101011101 	 23 
011101011110 	 48 
011101011111 	 32 
011101100000 	 35 
011101100001 	 1 
011101100010 	 55 
011101100011 	 46 
011101100100 	 55 
011101100101 	 53 
011101100110 	 3 
011101100111 	 48 
011101101000 	 55 
011101101001 	 46 
011101101010 	 3 
011101101011 	 12 
011101101100 	 3 
011101101101 	 48 
011101101110 	 19 
011101101111 	 51 
011101110000 	 1 
011101110001 	 47 
011101110010 	 53 
011101110011 	 38 
011101110100 	 46 
011101110101 	 38 
011101110110 	 48 
011101110111 	 32 
011101111000 	 46 
011101111001 	 13 
011101111010 	 48 
011101111011 	 4 
011101111100 	 12 
011101111101 	 4 
011101111110 	 51 
011101111111 	 43 
011110000000 	 57 
011110000001 	 16 
011110000010 	 35 
011110000011 	 21 
011110000100 	 41 
011110000101 	 22 
011110000110 	 55 
011110000111 	 46 
011110001000 	 41 
011110001001 	 1 
011110001010 	 55 
011110001011 	 9 
011110001100 	 20 
011110001101 	 53 
011110001110 	 3 
011110001111 	 12 
011110010000 	 35 
011110010001 	 1 
011110010010 	 55 
011110010011 	 46 
011110010100 	 55 
011110010101 	 53 
011110010110 	 3 
011110010111 	 48 
011110011000 	 55 
011110011001 	 46 
011110011010 	 3 
011110011011 	 12 
011110011100 	 3 
011110011101 	 48 
011110011110 	 19 
011110011111 	 51 
011110100000 	 16 
011110100001 	 11 
011110100010 	 1 
011110100011 	 30 
011110100100 	 22 
011110100101 	 47 
011110100110 	 53 
011110100111 	 13 
011110101000 	 1 
011110101001 	 30 
011110101010 	 46 
011110101011 	 49 
011110101100 	 53 
011110101101 	 13 
011110101110 	 48 
011110101111 	 37 
011110110000 	 21 
011110110001 	 30 
011110110010 	 46 
011110110011 	 0 
011110110100 	 46 
011110110101 	 13 
011110110110 	 48 
011110110111 	 4 
011110111000 	 9 
011110111001 	 49 
011110111010 	 12 
011110111011 	 50 
011110111100 	 12 
011110111101 	 37 
011110111110 	 51 
011110111111 	 63 
011111000000 	 16 
011111000001 	 62 
011111000010 	 21 
011111000011 	 30 
011111000100 	 1 
011111000101 	 47 
011111000110 	 9 
011111000111 	 0 
011111001000 	 22 
011111001001 	 47 
011111001010 	 46 
011111001011 	 0 
011111001100 	 53 
011111001101 	 38 
011111001110 	 12 
011111001111 	 37 
011111010000 	 1 
011111010001 	 47 
011111010010 	 46 
011111010011 	 13 
011111010100 	 46 
011111010101 	 38 
011111010110 	 12 
011111010111 	 4 
011111011000 	 53 
011111011001 	 38 
011111011010 	 48 
011111011011 	 4 
011111011100 	 48 
011111011101 	 32 
011111011110 	 51 
011111011111 	 43 
011111100000 	 21 
011111100001 	 30 
011111100010 	 9 
011111100011 	 49 
011111100100 	 46 
011111100101 	 13 
011111100110 	 12 
011111100111 	 37 
011111101000 	 46 
011111101001 	 0 
011111101010 	 12 
011111101011 	 50 
011111101100 	 48 
011111101101 	 4 
011111101110 	 51 
011111101111 	 63 
011111110000 	 9 
011111110001 	 0 
011111110010 	 12 
011111110011 	 37 
011111110100 	 12 
011111110101 	 4 
011111110110 	 51 
011111110111 	 43 
011111111000 	 12 
011111111001 	 37 
011111111010 	 51 
011111111011 	 63 
011111111100 	 51 
011111111101 	 43 
011111111110 	 15 
011111111111 	 40 
100000000000 	 44 
100000000001 	 42 
100000000010 	 8 
100000000011 	 33 
100000000100 	 29 
100000000101 	 33 
100000000110 	 25 
100000000111 	 52 
100000001000 	 8 
100000001001 	 33 
100000001010 	 18 
100000001011 	 52 
100000001100 	 25 
100000001101 	 52 
100000001110 	 59 
100000001111 	 35 
100000010000 	 29 
100000010001 	 33 
100000010010 	 18 
100000010011 	 56 
100000010100 	 6 
100000010101 	 52 
100000010110 	 59 
100000010111 	 41 
100000011000 	 25 
100000011001 	 52 
100000011010 	 34 
100000011011 	 41 
100000011100 	 57 
100000011101 	 35 
100000011110 	 16 
100000011111 	 21 
100000100000 	 8 
100000100001 	 33 
100000100010 	 14 
100000100011 	 56 
100000100100 	 18 
100000100101 	 56 
100000100110 	 58 
100000100111 	 7 
100000101000 	 18 
100000101001 	 52 
100000101010 	 58 
100000101011 	 41 
100000101100 	 34 
100000101101 	 41 
100000101110 	 31 
100000101111 	 1 
100000110000 	 25 
100000110001 	 52 
100000110010 	 58 
100000110011 	 7 
100000110100 	 59 
100000110101 	 41 
100000110110 	 31 
100000110111 	 22 
100000111000 	 59 
100000111001 	 35 
100000111010 	 31 
100000111011 	 1 
100000111100 	 16 
100000111101 	 21 
100000111110 	 62 
100000111111 	 30 
100001000000 	 29 
100001000001 	 33 
100001000010 	 25 
100001000011 	 52 
100001000100 	 6 
100001000101 	 52 
100001000110 	 57 
100001000111 	 35 
100001001000 	 18 
100001001001 	 56 
100001001010 	 34 
100001001011 	 41 
100001001100 	 59 
100001001101 	 41 
100001001110 	 16 
100001001111 	 21 
100001010000 	 25 
100001010001 	 56 
100001010010 	 34 
100001010011 	 7 
100001010100 	 57 
100001010101 	 41 
100001010110 	 16 
100001010111 	 1 
100001011000 	 34 
100001011001 	 7 
100001011010 	 31 
100001011011 	 22 
100001011100 	 16 
100001011101 	 1 
100001011110 	 11 
100001011111 	 30 
100001100000 	 33 
100001100001 	 28 
100001100010 	 56 
100001100011 	 26 
100001100100 	 52 
100001100101 	 26 
100001100110 	 41 
100001100111 	 55 
100001101000 	 56 
100001101001 	 26 
100001101010 	 7 
100001101011 	 55 
100001101100 	 41 
100001101101 	 55 
100001101110 	 1 
100001101111 	 9 
100001110000 	 52 
100001110001 	 26 
100001110010 	 7 
100001110011 	 20 
100001110100 	 35 
100001110101 	 55 
100001110110 	 1 
100001110111 	 46 
100001111000 	 41 
100001111001 	 55 
100001111010 	 22 
100001111011 	 46 
100001111100 	 21 
100001111101 	 9 
100001111110 	 30 
100001111111 	 49 
100010000000 	 8 
100010000001 	 33 
100010000010 	 18 
100010000011 	 52 
100010000100 	 18 
100010000101 	 56 
100010000110 	 34 
100010000111 	 41 
100010001000 	 14 
100010001001 	 56 
100010001010 	 58 
100010001011 	 41 
100010001100 	 58 
100010001101 	 7 
100010001110 	 31 
100010001111 	 1 
100010010000 	 33 
100010010001 	 28 
100010010010 	 56 
100010010011 	 26 
100010010100 	 52 
100010010101 	 26 
100010010110 	 41 
100010010111 	 55 
100010011000 	 56 
100010011001 	 26 
100010011010 	 7 
100010011011 	 55 
100010011100 	 41 
100010011101 	 55 
100010011110 	 1 
100010011111 	 9 
100010100000 	 14 
100010100001 	 56 
100010100010 	 24 
100010100011 	 7 
100010100100 	 24 
100010100101 	 27 
100010100110 	 61 
100010100111 	 60 
100010101000 	 24 
100010101001 	 7 
100010101010 	 61 
100010101011 	 22 
100010101100 	 61 
100010101101 	 60 
100010101110 	 10 
100010101111 	 47 
100010110000 	 56 
100010110001 	 26 
100010110010 	 27 
100010110011 	 20 
100010110100 	 7 
100010110101 	 20 
100010110110 	 60 
100010110111 	 53 
100010111000 	 7 
100010111001 	 55 
100010111010 	 60 
100010111011 	 46 
100010111100 	 22 
100010111101 	 46 
100010111110 	 47 
100010111111 	 0 
100011000000 	 25 
100011000001 	 52 
100011000010 	 59 
100011000011 	 35 
100011000100 	 59 
100011000101 	 41 
100011000110 	 16 
100011000111 	 21 
100011001000 	 58 
100011001001 	 7 
100011001010 	 31 
100011001011 	 1 
100011001100 	 31 
100011001101 	 22 
100011001110 	 62 
100011001111 	 30 
100011010000 	 52 
100011010001 	 26 
100011010010 	 41 
100011010011 	 55 
100011010100 	 35 
100011010101 	 55 
100011010110 	 21 
100011010111 	 9 
100011011000 	 7 
100011011001 	 20 
100011011010 	 22 
100011011011 	 46 
100011011100 	 1 
100011011101 	 46 
100011011110 	 30 
100011011111 	 49 
100011100000 	 56 
100011100001 	 26 
100011100010 	 7 
100011100011 	 55 
100011100100 	 7 
100011100101 	 20 
100011100110 	 22 
100011100111 	 46 
100011101000 	 27 
100011101001 	 20 
100011101010 	 60 
100011101011 	 46 
100011101100 	 60 
100011101101 	 53 
100011101110 	 47 
100011101111 	 0 
100011110000 	 26 
100011110001 	 36 
100011110010 	 20 
100011110011 	 3 
100011110100 	 55 
100011110101 	 3 
100011110110 	 46 
100011110111 	 12 
100011111000 	 20 
100011111001 	 3 
100011111010 	 53 
100011111011 	 12 
100011111100 	 46 
100011111101 	 12 
100011111110 	 0 
100011111111 	 50 
100100000000 	 29 
100100000001 	 33 
100100000010 	 18 
100100000011 	 56 
100100000100 	 25 
100100000101 	 56 
100100000110 	 34 
100100000111 	 7 
100100001000 	 33 
100100001001 	 28 
100100001010 	 56 
100100001011 	 26 
100100001100 	 52 
100100001101 	 26 
100100001110 	 41 
100100001111 	 55 
100100010000 	 25 
100100010001 	 56 
100100010010 	 58 
100100010011 	 27 
100100010100 	 59 
100100010101 	 7 
100100010110 	 31 
100100010111 	 60 
100100011000 	 52 
100100011001 	 26 
100100011010 	 7 
100100011011 	 20 
100100011100 	 35 
100100011101 	 55 
100100011110 	 1 
100100011111 	 46 
100100100000 	 18 
100100100001 	 56 
100100100010 	 24 
100100100011 	 27 
100100100100 	 58 
100100100101 	 27 
100100100110 	 61 
100100100111 	 45 
100100101000 	 56 
100100101001 	 26 
100100101010 	 27 
100100101011 	 20 
100100101100 	 7 
100100101101 	 20 
100100101110 	 60 
100100101111 	 53 
100100110000 	 34 
100100110001 	 7 
100100110010 	 61 
100100110011 	 45 
100100110100 	 31 
100100110101 	 60 
100100110110 	 10 
100100110111 	 17 
100100111000 	 41 
100100111001 	 55 
100100111010 	 60 
100100111011 	 53 
100100111100 	 1 
100100111101 	 46 
100100111110 	 47 
100100111111 	 13 
100101000000 	 6 
100101000001 	 52 
100101000010 	 59 
100101000011 	 41 
100101000100 	 57 
100101000101 	 41 
100101000110 	 16 
100101000111 	 1 
100101001000 	 52 
100101001001 	 26 
100101001010 	 41 
100101001011 	 55 
100101001100 	 35 
100101001101 	 55 
100101001110 	 21 
100101001111 	 9 
100101010000 	 59 
100101010001 	 7 
100101010010 	 31 
100101010011 	 60 
100101010100 	 16 
100101010101 	 22 
100101010110 	 62 
100101010111 	 47 
100101011000 	 41 
100101011001 	 20 
100101011010 	 22 
100101011011 	 53 
100101011100 	 21 
100101011101 	 46 
100101011110 	 30 
100101011111 	 0 
100101100000 	 52 
100101100001 	 26 
100101100010 	 7 
100101100011 	 20 
100101100100 	 41 
100101100101 	 20 
100101100110 	 22 
100101100111 	 53 
100101101000 	 26 
100101101001 	 36 
100101101010 	 20 
100101101011 	 3 
100101101100 	 55 
100101101101 	 3 
100101101110 	 46 
100101101111 	 12 
100101110000 	 41 
100101110001 	 20 
100101110010 	 60 
100101110011 	 54 
100101110100 	 1 
100101110101 	 53 
100101110110 	 47 
100101110111 	 38 
100101111000 	 55 
100101111001 	 3 
100101111010 	 53 
100101111011 	 48 
100101111100 	 9 
100101111101 	 12 
100101111110 	 0 
100101111111 	 37 
100110000000 	 25 
100110000001 	 52 
100110000010 	 34 
100110000011 	 41 
100110000100 	 34 
100110000101 	 7 
100110000110 	 31 
100110000111 	 22 
100110001000 	 56 
100110001001 	 26 
100110001010 	 7 
100110001011 	 55 
100110001100 	 7 
100110001101 	 20 
100110001110 	 22 
100110001111 	 46 
100110010000 	 52 
100110010001 	 26 
100110010010 	 7 
100110010011 	 20 
100110010100 	 41 
100110010101 	 20 
100110010110 	 22 
100110010111 	 53 
100110011000 	 26 
100110011001 	 36 
100110011010 	 20 
100110011011 	 3 
100110011100 	 55 
100110011101 	 3 
100110011110 	 46 
100110011111 	 12 
100110100000 	 58 
100110100001 	 7 
100110100010 	 61 
100110100011 	 60 
100110100100 	 61 
100110100101 	 45 
100110100110 	 2 
100110100111 	 17 
100110101000 	 27 
100110101001 	 20 
100110101010 	 45 
100110101011 	 53 
100110101100 	 45 
100110101101 	 54 
100110101110 	 17 
100110101111 	 38 
100110110000 	 7 
100110110001 	 20 
100110110010 	 45 
100110110011 	 54 
100110110100 	 60 
100110110101 	 54 
100110110110 	 17 
100110110111 	 23 
100110111000 	 20 
100110111001 	 3 
100110111010 	 54 
100110111011 	 48 
100110111100 	 53 
100110111101 	 48 
100110111110 	 38 
100110111111 	 4 
100111000000 	 57 
100111000001 	 35 
100111000010 	 16 
100111000011 	 21 
100111000100 	 16 
100111000101 	 1 
100111000110 	 11 
100111000111 	 30 
100111001000 	 41 
100111001001 	 55 
100111001010 	 1 
100111001011 	 9 
100111001100 	 1 
100111001101 	 46 
100111001110 	 30 
100111001111 	 49 
100111010000 	 35 
100111010001 	 55 
100111010010 	 1 
100111010011 	 46 
100111010100 	 21 
100111010101 	 46 
100111010110 	 30 
100111010111 	 0 
100111011000 	 55 
100111011001 	 3 
100111011010 	 46 
100111011011 	 12 
100111011100 	 9 
100111011101 	 12 
100111011110 	 49 
100111011111 	 50 
100111100000 	 41 
100111100001 	 55 
100111100010 	 22 
100111100011 	 46 
100111100100 	 22 
100111100101 	 53 
100111100110 	 47 
100111100111 	 13 
100111101000 	 20 
100111101001 	 3 
100111101010 	 53 
100111101011 	 12 
100111101100 	 53 
100111101101 	 48 
100111101110 	 13 
100111101111 	 37 
100111110000 	 55 
100111110001 	 3 
100111110010 	 53 
100111110011 	 48 
100111110100 	 46 
100111110101 	 48 
100111110110 	 13 
100111110111 	 4 
100111111000 	 3 
100111111001 	 19 
100111111010 	 48 
100111111011 	 51 
100111111100 	 12 
100111111101 	 51 
100111111110 	 37 
100111111111 	 63 
101000000000 	 8 
101000000001 	 33 
101000000010 	 14 
101000000011 	 56 
101000000100 	 33 
101000000101 	 28 
101000000110 	 56 
101000000111 	 26 
101000001000 	 14 
101000001001 	 56 
101000001010 	 24 
101000001011 	 7 
101000001100 	 56 
101000001101 	 26 
101000001110 	 7 
101000001111 	 55 
101000010000 	 18 
101000010001 	 56 
101000010010 	 24 
101000010011 	 27 
101000010100 	 52 
101000010101 	 26 
101000010110 	 7 
101000010111 	 20 
101000011000 	 58 
101000011001 	 7 
101000011010 	 61 
101000011011 	 60 
101000011100 	 41 
101000011101 	 55 
101000011110 	 22 
101000011111 	 46 
101000100000 	 18 
101000100001 	 52 
101000100010 	 24 
101000100011 	 7 
101000100100 	 56 
101000100101 	 26 
101000100110 	 27 
101000100111 	 20 
101000101000 	 58 
101000101001 	 41 
101000101010 	 61 
101000101011 	 22 
101000101100 	 7 
101000101101 	 55 
101000101110 	 60 
101000101111 	 46 
101000110000 	 34 
101000110001 	 41 
101000110010 	 61 
101000110011 	 60 
101000110100 	 41 
101000110101 	 55 
101000110110 	 60 
101000110111 	 53 
101000111000 	 31 
101000111001 	 1 
101000111010 	 10 
101000111011 	 47 
101000111100 	 1 
101000111101 	 9 
101000111110 	 47 
101000111111 	 0 
101001000000 	 18 
101001000001 	 56 
101001000010 	 58 
101001000011 	 7 
101001000100 	 52 
101001000101 	 26 
101001000110 	 41 
101001000111 	 55 
101001001000 	 24 
101001001001 	 27 
101001001010 	 61 
101001001011 	 60 
101001001100 	 7 
101001001101 	 20 
101001001110 	 22 
101001001111 	 46 
101001010000 	 58 
101001010001 	 27 
101001010010 	 61 
101001010011 	 45 
101001010100 	 41 
101001010101 	 20 
101001010110 	 22 
101001010111 	 53 
101001011000 	 61 
101001011001 	 45 
101001011010 	 2 
101001011011 	 17 
101001011100 	 22 
101001011101 	 53 
101001011110 	 47 
101001011111 	 13 
101001100000 	 56 
101001100001 	 26 
101001100010 	 27 
101001100011 	 20 
101001100100 	 26 
101001100101 	 36 
101001100110 	 20 
101001100111 	 3 
101001101000 	 27 
101001101001 	 20 
101001101010 	 45 
101001101011 	 53 
101001101100 	 20 
101001101101 	 3 
101001101110 	 53 
101001101111 	 12 
101001110000 	 7 
101001110001 	 20 
101001110010 	 45 
101001110011 	 54 
101001110100 	 55 
101001110101 	 3 
101001110110 	 53 
101001110111 	 48 
101001111000 	 60 
101001111001 	 53 
101001111010 	 17 
101001111011 	 38 
101001111100 	 46 
101001111101 	 12 
101001111110 	 13 
101001111111 	 37 
101010000000 	 18 
101010000001 	 52 
101010000010 	 58 
101010000011 	 41 
101010000100 	 56 
101010000101 	 26 
101010000110 	 7 
101010000111 	 55 
101010001000 	 24 
101010001001 	 7 
101010001010 	 61 
101010001011 	 22 
101010001100 	 27 
101010001101 	 20 
101010001110 	 60 
101010001111 	 46 
101010010000 	 56 
101010010001 	 26 
101010010010 	 27 
101010010011 	 20 
101010010100 	 26 
101010010101 	 36 
101010010110 	 20 
101010010111 	 3 
101010011000 	 27 
101010011001 	 20 
101010011010 	 45 
101010011011 	 53 
101010011100 	 20 
101010011101 	 3 
101010011110 	 53 
101010011111 	 12 
101010100000 	 58 
101010100001 	 41 
101010100010 	 61 
101010100011 	 22 
101010100100 	 27 
101010100101 	 20 
101010100110 	 45 
101010100111 	 53 
101010101000 	 61 
101010101001 	 22 
101010101010 	 2 
101010101011 	 47 
101010101100 	 45 
101010101101 	 53 
101010101110 	 17 
101010101111 	 13 
101010110000 	 7 
101010110001 	 55 
101010110010 	 45 
101010110011 	 53 
101010110100 	 20 
101010110101 	 3 
101010110110 	 54 
101010110111 	 48 
101010111000 	 60 
101010111001 	 46 
101010111010 	 17 
101010111011 	 13 
101010111100 	 53 
101010111101 	 12 
101010111110 	 38 
101010111111 	 37 
101011000000 	 34 
101011000001 	 41 
101011000010 	 31 
101011000011 	 1 
101011000100 	 41 
101011000101 	 55 
101011000110 	 1 
101011000111 	 9 
101011001000 	 61 
101011001001 	 60 
101011001010 	 10 
101011001011 	 47 
101011001100 	 60 
101011001101 	 53 
101011001110 	 47 
101011001111 	 0 
101011010000 	 7 
101011010001 	 20 
101011010010 	 60 
101011010011 	 53 
101011010100 	 55 
101011010101 	 3 
101011010110 	 46 
101011010111 	 12 
101011011000 	 45 
101011011001 	 54 
101011011010 	 17 
101011011011 	 38 
101011011100 	 53 
101011011101 	 48 
101011011110 	 13 
101011011111 	 37 
101011100000 	 7 
101011100001 	 55 
101011100010 	 60 
101011100011 	 46 
101011100100 	 20 
101011100101 	 3 
101011100110 	 53 
101011100111 	 12 
101011101000 	 45 
101011101001 	 53 
101011101010 	 17 
101011101011 	 13 
101011101100 	 54 
101011101101 	 48 
101011101110 	 38 
101011101111 	 37 
101011110000 	 20 
101011110001 	 3 
101011110010 	 54 
101011110011 	 48 
101011110100 	 3 
101011110101 	 19 
101011110110 	 48 
101011110111 	 51 
101011111000 	 54 
101011111001 	 48 
101011111010 	 23 
101011111011 	 4 
101011111100 	 48 
101011111101 	 51 
101011111110 	 4 
101011111111 	 63 
101100000000 	 25 
101100000001 	 52 
101100000010 	 58 
101100000011 	 7 
101100000100 	 52 
101100000101 	 26 
101100000110 	 7 
101100000111 	 20 
101100001000 	 56 
101100001001 	 26 
101100001010 	 27 
101100001011 	 20 
101100001100 	 26 
101100001101 	 36 
101100001110 	 20 
101100001111 	 3 
101100010000 	 34 
101100010001 	 7 
101100010010 	 61 
101100010011 	 45 
101100010100 	 41 
101100010101 	 20 
101100010110 	 60 
101100010111 	 54 
101100011000 	 7 
101100011001 	 20 
101100011010 	 45 
101100011011 	 54 
101100011100 	 55 
101100011101 	 3 
101100011110 	 53 
101100011111 	 48 
101100100000 	 34 
101100100001 	 41 
101100100010 	 61 
101100100011 	 60 
101100100100 	 7 
101100100101 	 20 
101100100110 	 45 
101100100111 	 54 
101100101000 	 7 
101100101001 	 55 
101100101010 	 45 
101100101011 	 53 
101100101100 	 20 
101100101101 	 3 
101100101110 	 54 
101100101111 	 48 
101100110000 	 31 
101100110001 	 22 
101100110010 	 2 
101100110011 	 17 
101100110100 	 22 
101100110101 	 53 
101100110110 	 17 
101100110111 	 23 
101100111000 	 22 
101100111001 	 46 
101100111010 	 17 
101100111011 	 38 
101100111100 	 46 
101100111101 	 12 
101100111110 	 38 
101100111111 	 4 
101101000000 	 59 
101101000001 	 41 
101101000010 	 31 
101101000011 	 22 
101101000100 	 35 
101101000101 	 55 
101101000110 	 1 
101101000111 	 46 
101101001000 	 7 
101101001001 	 20 
101101001010 	 60 
101101001011 	 53 
101101001100 	 55 
101101001101 	 3 
101101001110 	 46 
101101001111 	 12 
101101010000 	 31 
101101010001 	 60 
101101010010 	 10 
101101010011 	 17 
101101010100 	 1 
101101010101 	 53 
101101010110 	 47 
101101010111 	 38 
101101011000 	 60 
101101011001 	 54 
101101011010 	 17 
101101011011 	 23 
101101011100 	 46 
101101011101 	 48 
101101011110 	 13 
101101011111 	 4 
101101100000 	 41 
101101100001 	 55 
101101100010 	 60 
101101100011 	 53 
101101100100 	 55 
101101100101 	 3 
101101100110 	 53 
101101100111 	 48 
101101101000 	 20 
101101101001 	 3 
101101101010 	 54 
101101101011 	 48 
101101101100 	 3 
101101101101 	 19 
101101101110 	 48 
101101101111 	 51 
101101110000 	 22 
101101110001 	 53 
101101110010 	 17 
101101110011 	 23 
101101110100 	 46 
101101110101 	 48 
101101110110 	 38 
101101110111 	 32 
101101111000 	 53 
101101111001 	 48 
101101111010 	 23 
101101111011 	 32 
101101111100 	 12 
101101111101 	 51 
101101111110 	 4 
101101111111 	 43 
101110000000 	 59 
101110000001 	 35 
101110000010 	 31 
101110000011 	 1 
101110000100 	 41 
101110000101 	 55 
101110000110 	 22 
101110000111 	 46 
101110001000 	 7 
101110001001 	 55 
101110001010 	 60 
101110001011 	 46 
101110001100 	 20 
101110001101 	 3 
101110001110 	 53 
101110001111 	 12 
101110010000 	 41 
101110010001 	 55 
101110010010 	 60 
101110010011 	 53 
101110010100 	 55 
101110010101 	 3 
101110010110 	 53 
101110010111 	 48 
101110011000 	 20 
101110011001 	 3 
101110011010 	 54 
101110011011 	 48 
101110011100 	 3 
101110011101 	 19 
101110011110 	 48 
101110011111 	 51 
101110100000 	 31 
101110100001 	 1 
101110100010 	 10 
101110100011 	 47 
101110100100 	 60 
101110100101 	 53 
101110100110 	 17 
101110100111 	 38 
101110101000 	 60 
101110101001 	 46 
101110101010 	 17 
101110101011 	 13 
101110101100 	 54 
101110101101 	 48 
101110101110 	 23 
101110101111 	 4 
101110110000 	 22 
101110110001 	 46 
101110110010 	 17 
101110110011 	 38 
101110110100 	 53 
101110110101 	 48 
101110110110 	 23 
101110110111 	 32 
101110111000 	 53 
101110111001 	 12 
101110111010 	 23 
101110111011 	 4 
101110111100 	 48 
101110111101 	 51 
101110111110 	 32 
101110111111 	 43 
101111000000 	 16 
101111000001 	 21 
101111000010 	 62 
101111000011 	 30 
101111000100 	 21 
101111000101 	 9 
101111000110 	 30 
101111000111 	 49 
101111001000 	 22 
101111001001 	 46 
101111001010 	 47 
101111001011 	 0 
101111001100 	 46 
101111001101 	 12 
101111001110 	 0 
101111001111 	 50 
101111010000 	 1 
101111010001 	 46 
101111010010 	 47 
101111010011 	 13 
101111010100 	 9 
101111010101 	 12 
101111010110 	 0 
101111010111 	 37 
101111011000 	 53 
101111011001 	 48 
101111011010 	 38 
101111011011 	 4 
101111011100 	 12 
101111011101 	 51 
101111011110 	 37 
101111011111 	 63 
101111100000 	 1 
101111100001 	 9 
101111100010 	 47 
101111100011 	 0 
101111100100 	 46 
101111100101 	 12 
101111100110 	 13 
101111100111 	 37 
101111101000 	 53 
101111101001 	 12 
101111101010 	 38 
101111101011 	 37 
101111101100 	 48 
101111101101 	 51 
101111101110 	 4 
101111101111 	 63 
101111110000 	 46 
101111110001 	 12 
101111110010 	 38 
101111110011 	 4 
101111110100 	 12 
101111110101 	 51 
101111110110 	 4 
101111110111 	 43 
101111111000 	 48 
101111111001 	 51 
101111111010 	 32 
101111111011 	 43 
101111111100 	 51 
101111111101 	 15 
101111111110 	 43 
101111111111 	 40 
110000000000 	 29 
110000000001 	 33 
110000000010 	 33 
110000000011 	 28 
110000000100 	 25 
110000000101 	 56 
110000000110 	 52 
110000000111 	 26 
110000001000 	 18 
110000001001 	 56 
110000001010 	 56 
110000001011 	 26 
110000001100 	 34 
110000001101 	 7 
110000001110 	 41 
110000001111 	 55 
110000010000 	 6 
110000010001 	 52 
110000010010 	 52 
110000010011 	 26 
110000010100 	 57 
110000010101 	 41 
110000010110 	 35 
110000010111 	 55 
110000011000 	 59 
110000011001 	 41 
110000011010 	 41 
110000011011 	 55 
110000011100 	 16 
110000011101 	 1 
110000011110 	 21 
110000011111 	 9 
110000100000 	 25 
110000100001 	 52 
110000100010 	 56 
110000100011 	 26 
110000100100 	 34 
110000100101 	 7 
110000100110 	 7 
110000100111 	 20 
110000101000 	 34 
110000101001 	 41 
110000101010 	 7 
110000101011 	 55 
110000101100 	 31 
110000101101 	 22 
110000101110 	 22 
110000101111 	 46 
110000110000 	 57 
110000110001 	 35 
110000110010 	 41 
110000110011 	 55 
110000110100 	 16 
110000110101 	 1 
110000110110 	 1 
110000110111 	 46 
110000111000 	 16 
110000111001 	 21 
110000111010 	 1 
110000111011 	 9 
110000111100 	 11 
110000111101 	 30 
110000111110 	 30 
110000111111 	 49 
110001000000 	 25 
110001000001 	 56 
110001000010 	 52 
110001000011 	 26 
110001000100 	 59 
110001000101 	 7 
110001000110 	 35 
110001000111 	 55 
110001001000 	 58 
110001001001 	 27 
110001001010 	 7 
110001001011 	 20 
110001001100 	 31 
110001001101 	 60 
110001001110 	 1 
110001001111 	 46 
110001010000 	 59 
110001010001 	 7 
110001010010 	 41 
110001010011 	 20 
110001010100 	 16 
110001010101 	 22 
110001010110 	 21 
110001010111 	 46 
110001011000 	 31 
110001011001 	 60 
110001011010 	 22 
110001011011 	 53 
110001011100 	 62 
110001011101 	 47 
110001011110 	 30 
110001011111 	 0 
110001100000 	 52 
110001100001 	 26 
110001100010 	 26 
110001100011 	 36 
110001100100 	 41 
110001100101 	 20 
110001100110 	 55 
110001100111 	 3 
110001101000 	 7 
110001101001 	 20 
110001101010 	 20 
110001101011 	 3 
110001101100 	 22 
110001101101 	 53 
110001101110 	 46 
110001101111 	 12 
110001110000 	 35 
110001110001 	 55 
110001110010 	 55 
110001110011 	 3 
110001110100 	 21 
110001110101 	 46 
110001110110 	 9 
110001110111 	 12 
110001111000 	 1 
110001111001 	 46 
110001111010 	 46 
110001111011 	 12 
110001111100 	 30 
110001111101 	 0 
110001111110 	 49 
110001111111 	 50 
110010000000 	 18 
110010000001 	 56 
110010000010 	 56 
110010000011 	 26 
110010000100 	 58 
110010000101 	 27 
110010000110 	 7 
110010000111 	 20 
110010001000 	 24 
110010001001 	 27 
110010001010 	 27 
110010001011 	 20 
110010001100 	 61 
110010001101 	 45 
110010001110 	 60 
110010001111 	 53 
110010010000 	 52 
110010010001 	 26 
110010010010 	 26 
110010010011 	 36 
110010010100 	 41 
110010010101 	 20 
110010010110 	 55 
110010010111 	 3 
110010011000 	 7 
110010011001 	 20 
110010011010 	 20 
110010011011 	 3 
110010011100 	 22 
110010011101 	 53 
110010011110 	 46 
110010011111 	 12 
110010100000 	 58 
110010100001 	 7 
110010100010 	 27 
110010100011 	 20 
110010100100 	 61 
110010100101 	 45 
110010100110 	 45 
110010100111 	 54 
110010101000 	 61 
110010101001 	 60 
110010101010 	 45 
110010101011 	 53 
110010101100 	 2 
110010101101 	 17 
110010101110 	 17 
110010101111 	 38 
110010110000 	 41 
110010110001 	 55 
110010110010 	 20 
110010110011 	 3 
110010110100 	 22 
110010110101 	 53 
110010110110 	 53 
110010110111 	 48 
110010111000 	 22 
110010111001 	 46 
110010111010 	 53 
110010111011 	 12 
110010111100 	 47 
110010111101 	 13 
110010111110 	 13 
110010111111 	 37 
110011000000 	 34 
110011000001 	 7 
110011000010 	 41 
110011000011 	 55 
110011000100 	 31 
110011000101 	 60 
110011000110 	 1 
110011000111 	 46 
110011001000 	 61 
110011001001 	 45 
110011001010 	 60 
110011001011 	 53 
110011001100 	 10 
110011001101 	 17 
110011001110 	 47 
110011001111 	 13 
110011010000 	 41 
110011010001 	 20 
110011010010 	 55 
110011010011 	 3 
110011010100 	 1 
110011010101 	 53 
110011010110 	 9 
110011010111 	 12 
110011011000 	 60 
110011011001 	 54 
110011011010 	 53 
110011011011 	 48 
110011011100 	 47 
110011011101 	 38 
110011011110 	 0 
110011011111 	 37 
110011100000 	 7 
110011100001 	 20 
110011100010 	 20 
110011100011 	 3 
110011100100 	 60 
110011100101 	 54 
110011100110 	 53 
110011100111 	 48 
110011101000 	 45 
110011101001 	 54 
110011101010 	 54 
110011101011 	 48 
110011101100 	 17 
110011101101 	 23 
110011101110 	 38 
110011101111 	 4 
110011110000 	 55 
110011110001 	 3 
110011110010 	 3 
110011110011 	 19 
110011110100 	 46 
110011110101 	 48 
110011110110 	 12 
110011110111 	 51 
110011111000 	 53 
110011111001 	 48 
110011111010 	 48 
110011111011 	 51 
110011111100 	 13 
110011111101 	 4 
110011111110 	 37 
110011111111 	 63 
110100000000 	 6 
110100000001 	 52 
110100000010 	 52 
110100000011 	 26 
110100000100 	 59 
110100000101 	 7 
110100000110 	 41 
110100000111 	 20 
110100001000 	 52 
110100001001 	 26 
110100001010 	 26 
110100001011 	 36 
110100001100 	 41 
110100001101 	 20 
110100001110 	 55 
110100001111 	 3 
110100010000 	 57 
110100010001 	 41 
110100010010 	 41 
110100010011 	 20 
110100010100 	 16 
110100010101 	 22 
110100010110 	 1 
110100010111 	 53 
110100011000 	 35 
110100011001 	 55 
110100011010 	 55 
110100011011 	 3 
110100011100 	 21 
110100011101 	 46 
110100011110 	 9 
110100011111 	 12 
110100100000 	 59 
110100100001 	 41 
110100100010 	 7 
110100100011 	 20 
110100100100 	 31 
110100100101 	 60 
110100100110 	 60 
110100100111 	 54 
110100101000 	 41 
110100101001 	 55 
110100101010 	 20 
110100101011 	 3 
110100101100 	 22 
110100101101 	 53 
110100101110 	 53 
110100101111 	 48 
110100110000 	 16 
110100110001 	 1 
110100110010 	 22 
110100110011 	 53 
110100110100 	 62 
110100110101 	 47 
110100110110 	 47 
110100110111 	 38 
110100111000 	 21 
110100111001 	 9 
110100111010 	 46 
110100111011 	 12 
110100111100 	 30 
110100111101 	 0 
110100111110 	 0 
110100111111 	 37 
110101000000 	 57 
110101000001 	 41 
110101000010 	 35 
110101000011 	 55 
110101000100 	 16 
110101000101 	 22 
110101000110 	 21 
110101000111 	 46 
110101001000 	 41 
110101001001 	 20 
110101001010 	 55 
110101001011 	 3 
110101001100 	 1 
110101001101 	 53 
110101001110 	 9 
110101001111 	 12 
110101010000 	 16 
110101010001 	 22 
110101010010 	 1 
110101010011 	 53 
110101010100 	 11 
110101010101 	 47 
110101010110 	 30 
110101010111 	 13 
110101011000 	 1 
110101011001 	 53 
110101011010 	 46 
110101011011 	 48 
110101011100 	 30 
110101011101 	 13 
110101011110 	 49 
110101011111 	 37 
110101100000 	 35 
110101100001 	 55 
110101100010 	 55 
110101100011 	 3 
110101100100 	 1 
110101100101 	 53 
110101100110 	 46 
110101100111 	 48 
110101101000 	 55 
110101101001 	 3 
110101101010 	 3 
110101101011 	 19 
110101101100 	 46 
110101101101 	 48 
110101101110 	 12 
110101101111 	 51 
110101110000 	 21 
110101110001 	 46 
110101110010 	 46 
110101110011 	 48 
110101110100 	 30 
110101110101 	 13 
110101110110 	 0 
110101110111 	 4 
110101111000 	 9 
110101111001 	 12 
110101111010 	 12 
110101111011 	 51 
110101111100 	 49 
110101111101 	 37 
110101111110 	 50 
110101111111 	 63 
110110000000 	 59 
110110000001 	 41 
110110000010 	 41 
110110000011 	 55 
110110000100 	 31 
110110000101 	 60 
110110000110 	 22 
110110000111 	 53 
110110001000 	 7 
110110001001 	 20 
110110001010 	 20 
110110001011 	 3 
110110001100 	 60 
110110001101 	 54 
110110001110 	 53 
110110001111 	 48 
110110010000 	 35 
110110010001 	 55 
110110010010 	 55 
110110010011 	 3 
110110010100 	 1 
110110010101 	 53 
110110010110 	 46 
110110010111 	 48 
110110011000 	 55 
110110011001 	 3 
110110011010 	 3 
110110011011 	 19 
110110011100 	 46 
110110011101 	 48 
110110011110 	 12 
110110011111 	 51 
110110100000 	 31 
110110100001 	 22 
110110100010 	 60 
110110100011 	 53 
110110100100 	 10 
110110100101 	 17 
110110100110 	 17 
110110100111 	 23 
110110101000 	 60 
110110101001 	 53 
110110101010 	 54 
110110101011 	 48 
110110101100 	 17 
110110101101 	 23 
110110101110 	 23 
110110101111 	 32 
110110110000 	 1 
110110110001 	 46 
110110110010 	 53 
110110110011 	 48 
110110110100 	 47 
110110110101 	 38 
110110110110 	 38 
110110110111 	 32 
110110111000 	 46 
110110111001 	 12 
110110111010 	 48 
110110111011 	 51 
110110111100 	 13 
110110111101 	 4 
110110111110 	 4 
110110111111 	 43 
110111000000 	 16 
110111000001 	 1 
110111000010 	 21 
110111000011 	 9 
110111000100 	 62 
110111000101 	 47 
110111000110 	 30 
110111000111 	 0 
110111001000 	 22 
110111001001 	 53 
110111001010 	 46 
110111001011 	 12 
110111001100 	 47 
110111001101 	 38 
110111001110 	 0 
110111001111 	 37 
110111010000 	 21 
110111010001 	 46 
110111010010 	 9 
110111010011 	 12 
110111010100 	 30 
110111010101 	 13 
110111010110 	 49 
110111010111 	 37 
110111011000 	 46 
110111011001 	 48 
110111011010 	 12 
110111011011 	 51 
110111011100 	 0 
110111011101 	 4 
110111011110 	 50 
110111011111 	 63 
110111100000 	 1 
110111100001 	 46 
110111100010 	 46 
110111100011 	 12 
110111100100 	 47 
110111100101 	 38 
110111100110 	 13 
110111100111 	 4 
110111101000 	 53 
110111101001 	 48 
110111101010 	 48 
110111101011 	 51 
110111101100 	 38 
110111101101 	 32 
110111101110 	 4 
110111101111 	 43 
110111110000 	 9 
110111110001 	 12 
110111110010 	 12 
110111110011 	 51 
110111110100 	 0 
110111110101 	 4 
110111110110 	 37 
110111110111 	 43 
110111111000 	 12 
110111111001 	 51 
110111111010 	 51 
110111111011 	 15 
110111111100 	 37 
110111111101 	 43 
110111111110 	 63 
110111111111 	 40 
111000000000 	 25 
111000000001 	 52 
111000000010 	 56 
111000000011 	 26 
111000000100 	 52 
111000000101 	 26 
111000000110 	 26 
111000000111 	 36 
111000001000 	 58 
111000001001 	 7 
111000001010 	 27 
111000001011 	 20 
111000001100 	 7 
111000001101 	 20 
111000001110 	 20 
111000001111 	 3 
111000010000 	 59 
111000010001 	 41 
111000010010 	 7 
111000010011 	 20 
111000010100 	 35 
111000010101 	 55 
111000010110 	 55 
111000010111 	 3 
111000011000 	 31 
111000011001 	 22 
111000011010 	 60 
111000011011 	 53 
111000011100 	 1 
111000011101 	 46 
111000011110 	 46 
111000011111 	 12 
111000100000 	 59 
111000100001 	 35 
111000100010 	 7 
111000100011 	 55 
111000100100 	 41 
111000100101 	 55 
111000100110 	 20 
111000100111 	 3 
111000101000 	 31 
111000101001 	 1 
111000101010 	 60 
111000101011 	 46 
111000101100 	 22 
111000101101 	 46 
111000101110 	 53 
111000101111 	 12 
111000110000 	 16 
111000110001 	 21 
111000110010 	 22 
111000110011 	 46 
111000110100 	 21 
111000110101 	 9 
111000110110 	 46 
111000110111 	 12 
111000111000 	 62 
111000111001 	 30 
111000111010 	 47 
111000111011 	 0 
111000111100 	 30 
111000111101 	 49 
111000111110 	 0 
111000111111 	 50 
111001000000 	 34 
111001000001 	 7 
111001000010 	 7 
111001000011 	 20 
111001000100 	 41 
111001000101 	 20 
111001000110 	 55 
111001000111 	 3 
111001001000 	 61 
111001001001 	 45 
111001001010 	 45 
111001001011 	 54 
111001001100 	 60 
111001001101 	 54 
111001001110 	 53 
111001001111 	 48 
111001010000 	 31 
111001010001 	 60 
111001010010 	 60 
111001010011 	 54 
111001010100 	 1 
111001010101 	 53 
111001010110 	 46 
111001010111 	 48 
111001011000 	 10 
111001011001 	 17 
111001011010 	 17 
111001011011 	 23 
111001011100 	 47 
111001011101 	 38 
111001011110 	 13 
111001011111 	 4 
111001100000 	 41 
111001100001 	 55 
111001100010 	 20 
111001100011 	 3 
111001100100 	 55 
111001100101 	 3 
111001100110 	 3 
111001100111 	 19 
111001101000 	 60 
111001101001 	 53 
111001101010 	 54 
111001101011 	 48 
111001101100 	 53 
111001101101 	 48 
111001101110 	 48 
111001101111 	 51 
111001110000 	 1 
111001110001 	 46 
111001110010 	 53 
111001110011 	 48 
111001110100 	 9 
111001110101 	 12 
111001110110 	 12 
111001110111 	 51 
111001111000 	 47 
111001111001 	 13 
111001111010 	 38 
111001111011 	 4 
111001111100 	 0 
111001111101 	 37 
111001111110 	 37 
111001111111 	 63 
111010000000 	 34 
111010000001 	 41 
111010000010 	 7 
111010000011 	 55 
111010000100 	 7 
111010000101 	 20 
111010000110 	 20 
111010000111 	 3 
111010001000 	 61 
111010001001 	 60 
111010001010 	 45 
111010001011 	 53 
111010001100 	 45 
111010001101 	 54 
111010001110 	 54 
111010001111 	 48 
111010010000 	 41 
111010010001 	 55 
111010010010 	 20 
111010010011 	 3 
111010010100 	 55 
111010010101 	 3 
111010010110 	 3 
111010010111 	 19 
111010011000 	 60 
111010011001 	 53 
111010011010 	 54 
111010011011 	 48 
111010011100 	 53 
111010011101 	 48 
111010011110 	 48 
111010011111 	 51 
111010100000 	 31 
111010100001 	 1 
111010100010 	 60 
111010100011 	 46 
111010100100 	 60 
111010100101 	 53 
111010100110 	 54 
111010100111 	 48 
111010101000 	 10 
111010101001 	 47 
111010101010 	 17 
111010101011 	 13 
111010101100 	 17 
111010101101 	 38 
111010101110 	 23 
111010101111 	 4 
111010110000 	 1 
111010110001 	 9 
111010110010 	 53 
111010110011 	 12 
111010110100 	 46 
111010110101 	 12 
111010110110 	 48 
111010110111 	 51 
111010111000 	 47 
111010111001 	 0 
111010111010 	 38 
111010111011 	 37 
111010111100 	 13 
111010111101 	 37 
111010111110 	 4 
111010111111 	 63 
111011000000 	 31 
111011000001 	 22 
111011000010 	 22 
111011000011 	 46 
111011000100 	 22 
111011000101 	 53 
111011000110 	 46 
111011000111 	 12 
111011001000 	 2 
111011001001 	 17 
111011001010 	 17 
111011001011 	 38 
111011001100 	 17 
111011001101 	 23 
111011001110 	 38 
111011001111 	 4 
111011010000 	 22 
111011010001 	 53 
111011010010 	 53 
111011010011 	 48 
111011010100 	 46 
111011010101 	 48 
111011010110 	 12 
111011010111 	 51 
111011011000 	 17 
111011011001 	 23 
111011011010 	 23 
111011011011 	 32 
111011011100 	 38 
111011011101 	 32 
111011011110 	 4 
111011011111 	 43 
111011100000 	 22 
111011100001 	 46 
111011100010 	 53 
111011100011 	 12 
111011100100 	 53 
111011100101 	 48 
111011100110 	 48 
111011100111 	 51 
111011101000 	 17 
111011101001 	 38 
111011101010 	 23 
111011101011 	 4 
111011101100 	 23 
111011101101 	 32 
111011101110 	 32 
111011101111 	 43 
111011110000 	 46 
111011110001 	 12 
111011110010 	 48 
111011110011 	 51 
111011110100 	 12 
111011110101 	 51 
111011110110 	 51 
111011110111 	 15 
111011111000 	 38 
111011111001 	 4 
111011111010 	 32 
111011111011 	 43 
111011111100 	 4 
111011111101 	 43 
111011111110 	 43 
111011111111 	 40 
111100000000 	 57 
111100000001 	 35 
111100000010 	 41 
111100000011 	 55 
111100000100 	 35 
111100000101 	 55 
111100000110 	 55 
111100000111 	 3 
111100001000 	 41 
111100001001 	 55 
111100001010 	 20 
111100001011 	 3 
111100001100 	 55 
111100001101 	 3 
111100001110 	 3 
111100001111 	 19 
111100010000 	 16 
111100010001 	 1 
111100010010 	 22 
111100010011 	 53 
111100010100 	 21 
111100010101 	 46 
111100010110 	 46 
111100010111 	 48 
111100011000 	 1 
111100011001 	 46 
111100011010 	 53 
111100011011 	 48 
111100011100 	 9 
111100011101 	 12 
111100011110 	 12 
111100011111 	 51 
111100100000 	 16 
111100100001 	 21 
111100100010 	 22 
111100100011 	 46 
111100100100 	 1 
111100100101 	 46 
111100100110 	 53 
111100100111 	 48 
111100101000 	 1 
111100101001 	 9 
111100101010 	 53 
111100101011 	 12 
111100101100 	 46 
111100101101 	 12 
111100101110 	 48 
111100101111 	 51 
111100110000 	 11 
111100110001 	 30 
111100110010 	 47 
111100110011 	 13 
111100110100 	 30 
111100110101 	 0 
111100110110 	 13 
111100110111 	 4 
111100111000 	 30 
111100111001 	 49 
111100111010 	 13 
111100111011 	 37 
111100111100 	 49 
111100111101 	 50 
111100111110 	 37 
111100111111 	 63 
111101000000 	 16 
111101000001 	 1 
111101000010 	 1 
111101000011 	 46 
111101000100 	 21 
111101000101 	 46 
111101000110 	 9 
111101000111 	 12 
111101001000 	 22 
111101001001 	 53 
111101001010 	 53 
111101001011 	 48 
111101001100 	 46 
111101001101 	 48 
111101001110 	 12 
111101001111 	 51 
111101010000 	 62 
111101010001 	 47 
111101010010 	 47 
111101010011 	 38 
111101010100 	 30 
111101010101 	 13 
111101010110 	 0 
111101010111 	 4 
111101011000 	 47 
111101011001 	 38 
111101011010 	 38 
111101011011 	 32 
111101011100 	 0 
111101011101 	 4 
111101011110 	 37 
111101011111 	 43 
111101100000 	 21 
111101100001 	 9 
111101100010 	 46 
111101100011 	 12 
111101100100 	 9 
111101100101 	 12 
111101100110 	 12 
111101100111 	 51 
111101101000 	 46 
111101101001 	 12 
111101101010 	 48 
111101101011 	 51 
111101101100 	 12 
111101101101 	 51 
111101101110 	 51 
111101101111 	 15 
111101110000 	 30 
111101110001 	 0 
111101110010 	 13 
111101110011 	 4 
111101110100 	 49 
111101110101 	 37 
111101110110 	 37 
111101110111 	 43 
111101111000 	 0 
111101111001 	 37 
111101111010 	 4 
111101111011 	 43 
111101111100 	 50 
111101111101 	 63 
111101111110 	 63 
111101111111 	 40 
111110000000 	 16 
111110000001 	 21 
111110000010 	 1 
111110000011 	 9 
111110000100 	 1 
111110000101 	 46 
111110000110 	 46 
111110000111 	 12 
111110001000 	 22 
111110001001 	 46 
111110001010 	 53 
111110001011 	 12 
111110001100 	 53 
111110001101 	 48 
111110001110 	 48 
111110001111 	 51 
111110010000 	 21 
111110010001 	 9 
111110010010 	 46 
111110010011 	 12 
111110010100 	 9 
111110010101 	 12 
111110010110 	 12 
111110010111 	 51 
111110011000 	 46 
111110011001 	 12 
111110011010 	 48 
111110011011 	 51 
111110011100 	 12 
111110011101 	 51 
111110011110 	 51 
111110011111 	 15 
111110100000 	 62 
111110100001 	 30 
111110100010 	 47 
111110100011 	 0 
111110100100 	 47 
111110100101 	 13 
111110100110 	 38 
111110100111 	 4 
111110101000 	 47 
111110101001 	 0 
111110101010 	 38 
111110101011 	 37 
111110101100 	 38 
111110101101 	 4 
111110101110 	 32 
111110101111 	 43 
111110110000 	 30 
111110110001 	 49 
111110110010 	 13 
111110110011 	 37 
111110110100 	 0 
111110110101 	 37 
111110110110 	 4 
111110110111 	 43 
111110111000 	 0 
111110111001 	 50 
111110111010 	 4 
111110111011 	 63 
111110111100 	 37 
111110111101 	 63 
111110111110 	 43 
111110111111 	 40 
111111000000 	 11 
111111000001 	 30 
111111000010 	 30 
111111000011 	 49 
111111000100 	 30 
111111000101 	 0 
111111000110 	 49 
111111000111 	 50 
111111001000 	 47 
111111001001 	 13 
111111001010 	 13 
111111001011 	 37 
111111001100 	 13 
111111001101 	 4 
111111001110 	 37 
111111001111 	 63 
111111010000 	 30 
111111010001 	 0 
111111010010 	 0 
111111010011 	 37 
111111010100 	 49 
111111010101 	 37 
111111010110 	 50 
111111010111 	 63 
111111011000 	 13 
111111011001 	 4 
111111011010 	 4 
111111011011 	 43 
111111011100 	 37 
111111011101 	 43 
111111011110 	 63 
111111011111 	 40 
111111100000 	 30 
111111100001 	 49 
111111100010 	 0 
111111100011 	 50 
111111100100 	 0 
111111100101 	 37 
111111100110 	 37 
111111100111 	 63 
111111101000 	 13 
111111101001 	 37 
111111101010 	 4 
111111101011 	 63 
111111101100 	 4 
111111101101 	 43 
111111101110 	 43 
111111101111 	 40 
111111110000 	 49 
111111110001 	 50 
111111110010 	 37 
111111110011 	 63 
111111110100 	 50 
111111110101 	 63 
111111110110 	 63 
111111110111 	 40 
111111111000 	 37 
111111111001 	 63 
111111111010 	 43 
111111111011 	 40 
111111111100 	 63 
111111111101 	 40 
111111111110 	 40 
111111111111 	 39 
